45 1 1
09 1 1
59 1 1
EA 1 1
2D 1 1
37 1 1
5A 1 1
09 1 1
B8 1 1
AA 1 1
53 1 1
7D 1 1
E0 1 1
76 1 1
53 1 1
22 1 1
85 1 1
52 1 1
EF 1 1
37 1 1
E0 1 1
2F 1 1
66 1 1
47 1 1
D1 1 1
2C 1 1
B0 1 1
2E 1 1
A9 1 1
20 1 1
D8 1 1
6A 1 1
2F 1 1
98 1 1
47 1 1
C3 1 1
E8 1 1
32 1 1
A4 1 1
DC 1 1
D3 1 1
37 1 1
2D 1 1
2D 1 1
66 1 1
76 1 1
97 1 1
17 1 1
2E 1 1
80 1 1
E8 1 1
7D 1 1
91 1 1
E6 1 1
DC 1 1
81 1 1
F5 1 1
C2 1 1
98 1 1
53 1 1
C6 1 1
30 1 1
76 1 1
E2 1 1
87 1 1
AE 1 1
19 1 1
81 1 1
50 1 1
8C 1 1
28 1 1
AE 1 1
26 1 1
80 1 1
FA 1 1
90 1 1
A5 1 1
62 1 1
84 1 1
D5 1 1
59 1 1
3F 1 1
E0 1 1
AE 1 1
37 1 1
84 1 1
81 1 1
68 1 1
B8 1 1
67 1 1
32 0 1
97 1 1
41 1 1
F9 1 1
B8 1 1
82 1 1
BC 1 1
FE 1 1
DC 1 1
5C 1 1
5C 1 1
76 1 1
F4 1 1
E2 1 1
05 1 1
BA 1 1
26 1 1
A5 1 1
7F 1 1
AE 1 1
F5 1 1
66 1 1
59 1 1
B1 1 1
79 1 1
7C 1 1
E8 1 1
37 1 1
A1 1 1
32 1 0
0C 1 1
66 1 1
E6 1 1
D6 1 1
84 1 1
5D 1 1
F4 1 1
C6 1 1
2C 1 1
DC 1 1
8C 1 1
36 1 1
19 1 1
83 1 1
DF 1 1
56 1 1
88 1 1
5A 1 1
D1 1 1
E9 1 1
30 1 1
9E 1 1
D6 1 1
53 1 1
19 1 1
7D 1 1
F3 1 1
87 1 1
28 1 1
FA 1 1
F6 1 1
2E 1 1
2D 1 1
4C 1 1
D7 1 1
2D 1 1
D0 1 1
93 1 1
4E 1 1
81 1 1
47 1 1
5D 1 1
76 1 1
07 1 1
AE 1 1
15 1 1
85 1 1
4E 1 1
46 1 1
2C 0 1
70 1 1
33 1 1
D6 1 1
96 1 1
D8 1 1
0B 1 1
3F 1 1
B5 1 1
EB 0 1
3F 1 1
D0 1 1
F9 1 1
FE 1 1
FE 1 1
ED 1 1
7D 1 1
99 1 1
03 1 1
79 1 1
BE 1 1
05 1 1
18 0 1
2C 1 1
BA 1 1
41 1 1
FD 1 1
43 1 1
DA 1 1
2F 0 1
2F 1 1
40 1 1
08 1 1
4E 1 1
6A 1 1
66 1 1
28 1 1
83 1 1
09 1 0
D5 1 1
9D 1 1
F6 1 1
5C 1 1
52 1 1
54 1 1
03 1 1
5E 1 1
BD 1 1
4E 1 1
2D 1 1
33 1 1
05 1 1
85 1 1
32 1 1
FB 1 1
A1 1 1
F6 1 1
09 1 1
D3 1 1
84 1 1
93 1 1
EB 1 0
2D 1 1
83 1 1
23 1 1
74 1 1
54 1 1
C3 1 1
44 1 1
BE 1 1
19 0 1
1F 1 1
42 1 1
05 1 1
30 1 1
A9 1 1
19 1 0
CB 1 1
2D 1 1
4E 1 1
51 1 1
1F 1 1
79 1 1
CB 1 1
4C 1 1
8C 1 1
D6 1 1
2B 1 1
02 1 1
52 1 1
6D 1 1
0B 1 1
8C 1 1
D0 1 1
84 0 1
2E 1 1
62 1 1
5E 1 1
73 1 1
D1 1 1
BC 1 1
18 0 1
DC 1 1
6A 1 1
5C 1 1
E8 1 1
D6 1 1
F9 1 1
D0 1 1
C6 1 1
14 1 1
62 1 1
06 1 1
B1 1 1
B4 1 1
83 1 1
84 1 1
36 1 1
9E 1 1
A9 1 1
86 1 1
D6 1 1
A9 1 1
70 1 1
F6 1 1
A5 1 1
91 1 1
AD 1 1
0B 1 1
ED 1 1
19 1 1
33 1 1
70 1 1
8C 1 1
09 1 1
CA 1 1
95 1 1
E6 0 1
56 1 0
32 1 1
87 0 1
20 1 1
BD 1 1
3F 1 1
34 1 1
2C 0 0
1C 1 1
A9 1 1
2B 1 1
86 1 1
5D 1 1
4E 1 1
D1 1 1
95 1 1
32 1 1
15 1 1
0B 1 1
5F 1 1
6C 1 1
76 1 1
8B 1 1
20 1 1
3F 1 1
59 1 1
F3 1 1
E6 1 1
0C 1 1
93 1 1
84 1 1
2D 1 1
29 1 0
05 1 1
37 1 1
E6 1 0
DC 1 1
B5 1 1
AE 0 1
D7 1 1
76 1 1
AE 1 1
C3 1 1
41 1 1
DC 1 1
71 1 1
3F 1 1
BA 1 1
FC 1 1
2E 1 1
D6 1 1
DB 1 1
33 1 1
F8 1 1
FD 1 1
44 1 1
2C 1 0
84 1 1
08 1 1
98 1 0
24 1 1
86 1 1
FD 1 1
A1 1 1
76 1 1
6E 1 1
0B 1 1
84 1 1
C6 1 1
2D 1 1
F1 0 1
1A 1 0
10 1 1
A1 1 1
85 1 1
AD 1 1
81 1 1
E9 1 1
D1 1 1
AE 1 1
42 1 1
EE 1 1
D0 1 1
F6 1 1
54 1 1
BC 1 1
69 1 1
C6 1 1
47 1 1
A5 1 1
9F 1 1
B6 1 1
05 1 1
32 1 1
AB 1 1
DC 1 1
42 1 1
CB 1 1
F1 1 1
E9 1 1
32 0 1
6D 1 1
19 1 1
F8 1 1
87 1 0
8B 1 0
F9 1 1
8A 1 1
CD 1 1
5B 1 1
03 1 1
CC 1 1
03 1 1
5A 1 1
34 1 1
F8 1 1
46 1 1
2C 1 1
22 1 1
3F 1 1
CB 1 1
67 1 1
25 1 1
03 1 1
0C 1 1
A9 1 1
79 1 1
1A 1 0
18 1 0
18 1 0
FA 1 1
81 1 1
78 1 1
2D 1 1
A9 1 1
69 1 1
F9 1 1
2F 1 1
2C 1 1
5A 1 1
AE 1 1
C7 1 1
AE 1 1
06 1 1
C2 1 1
F8 1 1
62 1 1
60 1 1
D7 1 1
83 1 1
79 1 1
BC 1 1
9E 1 1
03 1 1
ED 1 1
1F 1 1
28 1 1
6B 1 1
5A 1 1
20 1 1
09 1 1
84 1 1
40 1 1
D8 1 1
60 1 1
7C 1 1
87 1 0
13 1 1
83 1 1
33 1 1
AE 1 1
B1 1 1
7A 1 1
CE 1 1
B8 1 1
87 1 0
CC 1 1
25 1 1
07 1 1
B8 1 1
DB 1 1
EE 1 1
B1 1 1
DB 1 1
46 1 1
6C 1 1
E6 1 1
14 1 1
